357.1388750 -30.9028417
357.6644167 -31.7906694
357.3557917 -31.7763750
357.4397083 -31.6504056
357.0926250 -31.6316444
357.0711667 -31.5052611
356.7152083 -31.3249806
358.0206250 -31.2723889
356.2139167 -31.2338278
357.2879583 -31.1899111
357.1590833 -31.1737472
358.0476667 -31.1693944
357.5402917 -31.0078972
358.2086667 -30.9897361
356.7180417 -30.9519500
358.1636250 -30.8640917
357.9263333 -30.8463806
356.3781667 -30.8450556
356.4106667 -30.6850639
357.7373333 -30.6713750
356.5843750 -30.6677611
357.0511250 -30.5428667
356.1877917 -30.5186444
356.9062500 -30.4745417
356.1318333 -30.4599417
356.9106250 -30.4299306
356.1537917 -30.4178972
357.0875833 -30.4011639
356.8382917 -30.3815389
356.6136667 -30.3643250
357.3627083 -30.3572167
357.6133333 -30.3537194
356.2621250 -30.2091306
357.3943750 -30.2112472
357.5968333 -30.1792806
357.6877917 -30.0870417
357.4311667 -30.0503500
357.6522500 -30.0296639
357.1815833 -29.8872056